Noire Chainsaw,2.10,0,22,66,20,35,46,74,62,76,52,54,5,56,23,13,26,65,1,10,84,91,37,36,59,34,38,79,29,67,80,68,58,92,15,30,43,98,40,86,21,32,19,63,89,47,60,61,96,85,55,99,69,45,42,64,44,25,51,71,2,94,50,14,87,73,100,81,77,70,49,88,6,4,72,78,12,27,7,3,31,90,28,97,24,17,39,11,16,9,41,95,82,33,83,8,48,18,57,53,93,75
Grimina Strain,1.52,3,39,49,87,29,12,80,43,71,65,40,70,54,84,75,90,21,60,91,79,64,72,48,81,25,18,83,3,88,86,78,26,50,13,53,36,11,24,9,35,45,51,97,17,1,14,20,92,94,4,37,46,85,63,66,2,62,6,89,74,96,15,19,27,41,5,99,22,93,69,56,55,57,95,33,47,100,7,8,23,38,30,98,82,42,76,73,59,52,68,44,16,34,10,67,58,77,31,61,28,32
Valhalla Killian,2.06,0,89,46,58,54,78,8,96,16,60,73,65,77,4,3,42,12,80,72,23,13,14,47,9,33,90,91,5,68,50,35,11,15,62,6,100,41,26,28,93,29,25,94,22,99,67,43,97,1,63,56,57,74,85,86,40,48,95,61,21,19,55,69,36,70,37,27,32,87,76,79,38,83,45,31,71,7,92,17,52,24,34,59,20,98,44,84,39,51,18,66,82,88,75,81,10,53,2,30,49,64
Grendel Norwood,2.28,2,91,13,100,95,10,31,65,34,3,47,8,7,50,55,17,26,2,44,98,78,69,97,76,81,52,16,61,35,90,85,48,46,72,88,1,9,63,43,93,27,62,94,24,86,18,33,4,51,42,80,70,39,84,11,14,30,92,45,49,71,58,73,96,29,59,40,64,87,6,67,99,57,75,53,41,56,68,12,20,36,15,37,25,79,19,60,66,38,82,54,89,77,74,22,32,28,83,5,21,23
Ridley Darkmore,1.97,3,86,79,69,76,35,17,34,40,1,32,45,71,65,94,43,64,49,20,87,30,63,93,42,89,27,18,47,62,4,28,56,8,83,48,91,55,92,44,100,36,72,78,50,12,95,41,6,51,7,96,58,88,68,19,82,13,21,31,14,38,29,54,9,73,90,77,59,74,53,81,52,2,70,99,37,67,33,75,98,57,26,39,80,10,84,3,61,66,16,85,5,60,23,25,11,97,15,24,22,46
Eldia Grimsbane,3.66,3,9,48,68,86,22,21,18,45,89,92,37,71,35,66,79,99,47,70,91,24,12,28,31,1,4,93,55,33,63,54,41,44,29,15,96,2,23,53,8,38,90,43,6,95,3,81,25,100,67,69,82,50,85,97,77,88,32,34,36,7,52,26,83,58,64,72,62,19,30,59,57,87,42,16,49,61,76,10,98,39,20,73,46,65,14,74,60,56,94,78,75,51,27,17,11,40,13,5,80,84
Belinda Christanti,0.50,1,68,73,40,77,65,26,20,5,23,75,63,59,92,27,58,46,64,80,1,99,24,93,49,57,85,3,56,43,18,69,41,44,19,70,7,84,15,52,17,4,37,12,29,88,38,45,30,54,33,2,28,14,34,32,16,47,97,79,39,51,31,67,48,100,78,53,11,35,89,94,10,42,61,62,21,22,83,6,86,72,36,95,60,66,71,91,87,25,98,81,9,13,50,55,90,8,76,82,74,96
Edge Killian,1.84,1,87,1,83,33,72,28,29,80,24,71,57,100,89,39,53,97,65,34,31,6,17,61,55,25,14,59,18,7,23,32,69,68,40,62,49,70,26,96,16,94,81,60,75,64,93,19,36,88,3,63,8,98,12,86,73,51,15,85,92,91,82,45,22,2,95,99,21,56,48,52,13,66,78,42,47,58,43,79,37,20,74,5,9,44,84,27,46,30,11,10,77,54,76,4,35,50,38,67,41,90
Weiss Natas,2.91,2,48,5,45,31,94,69,37,32,55,34,66,35,46,95,100,19,68,38,51,9,30,49,27,39,80,65,13,98,12,7,89,82,62,1,74,86,70,96,42,99,52,81,85,47,40,25,64,41,10,76,2,78,67,29,28,50,4,3,97,59,22,92,18,15,56,91,6,60,44,79,84,20,17,43,90,23,87,8,24,77,88,53,21,73,54,75,11,71,36,83,26,16,33,72,63,58,93,57,14,61
Viktor Barlow,4.00,3,14,98,39,49,64,20,79,41,28,92,99,52,45,67,83,5,48,60,47,90,26,17,66,86,16,10,40,50,13,4,23,29,46,89,100,73,97,94,54,55,7,53,27,59,38,42,44,43,61,68,18,78,69,85,3,71,82,65,72,31,88,8,81,22,12,32,33,21,93,19,57,75,77,74,96,37,15,63,1,56,70,9,35,84,24,62,87,76,80,58,25,11,36,30,34,51,2,6,91,95
Zul Dupree,3.22,4,50,3,60,41,43,95,63,12,42,59,61,69,78,1,15,38,20,87,65,22,25,55,91,72,18,45,5,52,79,2,16,24,84,8,56,39,53,27,34,6,11,29,89,71,76,98,26,97,54,58,23,7,14,94,28,57,51,83,70,21,17,73,96,32,92,66,68,33,46,93,81,88,30,49,67,100,4,35,44,64,62,9,48,85,36,99,31,47,75,86,37,13,77,10,19,80,90,82,74,40
Zayin Quinn,1.40,4,5,86,50,20,94,61,89,24,44,6,87,43,26,4,53,52,96,66,99,65,28,17,78,48,51,100,47,67,57,93,39,49,16,92,9,19,95,35,80,21,82,56,68,41,59,13,84,73,58,32,14,8,64,12,38,91,62,34,90,36,3,98,46,2,7,18,77,37,45,79,1,72,75,54,55,25,97,33,15,42,81,30,85,10,29,88,63,40,71,22,23,60,70,69,27,83,74,11,76,31
Harley Chainsaw,3.54,3,14,35,90,41,61,32,79,8,95,78,55,60,34,96,83,19,91,36,30,15,69,7,63,49,16,97,10,33,2,56,11,98,73,54,47,59,37,31,93,99,17,70,9,23,4,71,92,20,77,75,21,1,24,89,64,51,40,3,100,39,48,38,25,52,76,42,12,44,66,43,67,27,80,84,81,13,29,88,85,94,74,18,5,87,68,45,86,65,58,72,26,6,82,53,62,28,57,50,22,46
Zorander Morgan,1.54,0,81,12,39,71,80,14,6,36,98,35,83,17,2,40,41,91,43,100,76,24,52,87,21,54,89,53,49,10,9,45,50,3,11,62,86,73,88,59,29,78,1,19,55,48,51,84,74,68,66,58,96,8,63,25,32,93,42,15,34,37,5,4,28,22,60,72,94,57,26,69,30,61,70,20,56,7,16,13,79,99,18,92,85,77,27,75,82,23,44,95,47,65,90,97,31,67,64,46,38,33
Vexacion Crane,1.86,2,15,11,84,78,46,3,16,17,69,61,49,94,5,68,48,80,90,45,58,22,71,44,20,12,37,47,100,70,88,64,32,30,27,28,85,7,34,13,56,63,40,79,54,29,91,8,72,98,43,81,87,21,41,93,65,89,52,60,14,42,86,9,31,2,76,36,77,33,18,92,73,26,57,66,4,99,97,82,96,62,50,35,51,25,75,83,95,10,55,67,24,6,23,39,53,74,19,59,1,38
Charles Craft,2.64,3,50,29,39,83,15,18,24,73,55,5,57,6,34,30,97,26,79,56,65,63,25,31,33,3,40,45,69,72,81,92,37,99,60,74,27,80,70,41,54,35,9,94,77,88,1,96,62,64,17,58,12,90,95,87,11,84,42,16,4,98,51,22,89,93,76,49,8,82,46,14,86,32,52,44,68,53,67,20,23,38,47,2,48,91,28,10,19,85,66,13,61,43,21,36,78,75,100,59,7,71
Willow Le Blank,1.47,5,68,77,50,90,11,57,63,81,91,32,44,48,2,65,98,29,8,25,97,45,15,92,73,23,59,100,89,88,7,26,95,78,1,56,24,33,99,47,34,10,28,40,46,62,18,42,6,4,16,67,53,3,49,52,55,35,43,84,22,82,64,5,69,60,70,83,71,21,72,96,75,74,31,93,51,85,37,20,76,17,61,9,66,13,36,58,86,80,19,54,94,79,14,27,41,87,30,39,12,38
Calamity Dukes,3.67,5,11,100,61,47,64,7,88,27,84,62,43,2,76,59,18,81,4,10,13,50,67,48,72,45,68,5,9,35,80,28,89,6,3,29,25,14,93,60,92,98,77,57,38,56,53,22,95,73,15,54,74,39,66,96,8,12,40,71,51,26,1,90,34,97,36,69,33,41,30,58,70,75,82,85,79,99,16,32,86,91,46,78,20,65,55,52,42,83,24,44,23,21,94,63,17,31,37,87,49,19
Duradel Manglyeong,2.65,1,11,92,67,78,20,18,15,98,51,5,52,22,39,97,77,44,45,72,62,36,85,31,32,41,34,48,70,65,35,6,79,60,9,59,50,95,10,69,99,25,54,40,37,46,90,28,58,21,89,87,7,94,83,86,30,26,4,19,61,33,12,17,27,84,93,43,53,23,81,2,82,13,71,57,91,49,29,75,24,1,63,47,38,100,56,14,68,80,96,66,73,16,76,55,64,8,88,74,3,42
Lusha Drach,3.26,0,2,68,12,11,71,74,8,84,5,47,81,50,41,49,36,4,15,62,39,21,10,91,64,20,95,67,57,1,29,88,14,69,80,79,77,31,82,92,66,30,97,24,56,52,78,25,19,23,65,28,98,70,34,55,13,46,54,94,44,22,76,26,40,60,75,35,72,58,9,90,16,96,83,63,38,18,42,87,53,43,51,59,6,32,33,99,100,27,61,45,37,17,89,86,3,48,85,73,93,7
Hazelmere Mock,3.63,5,4,97,99,71,59,86,67,32,63,55,62,11,1,34,66,88,39,85,10,64,96,33,92,2,45,21,29,24,49,61,19,8,75,17,54,74,53,6,14,5,93,52,76,41,83,60,69,18,73,80,81,20,79,13,100,43,23,84,12,89,91,50,90,51,78,31,37,15,44,46,3,28,65,48,25,57,30,77,16,82,58,9,47,27,94,26,72,98,35,40,7,68,42,95,87,56,22,70,36,38
Emily Crimson,3.72,0,93,30,73,85,12,1,84,88,54,79,16,70,67,53,51,18,26,62,68,63,5,71,82,44,57,41,95,15,83,45,28,78,27,32,100,46,23,38,58,86,64,13,87,6,21,29,59,60,19,72,81,14,96,97,4,66,94,17,22,55,80,69,56,98,91,35,92,37,7,36,74,61,31,20,11,34,24,9,25,65,75,42,10,52,48,2,8,50,77,76,99,43,90,39,3,49,40,33,47,89
Katia Delarosa,2.51,1,15,11,88,71,20,66,43,33,34,85,49,35,2,30,1,39,55,61,57,80,19,59,6,77,44,17,95,29,100,38,54,14,22,36,48,8,87,91,51,47,89,4,32,26,86,96,46,72,23,75,21,50,7,69,16,84,93,68,97,78,90,70,58,45,63,62,79,94,13,25,73,10,56,65,67,28,92,60,53,81,37,99,83,9,3,24,74,40,12,27,64,98,76,41,5,18,42,31,82,52
Draven Geulimja,2.69,0,16,60,76,58,10,33,74,85,26,44,20,56,28,15,31,54,8,75,66,3,17,25,97,91,2,23,55,88,79,6,39,61,22,94,84,89,52,82,4,45,18,70,86,36,13,71,73,37,40,38,87,64,96,19,100,49,83,59,62,90,1,78,42,69,95,24,27,21,67,68,43,41,9,65,5,50,12,29,57,81,92,63,99,53,80,35,46,11,98,77,7,93,48,47,51,72,34,32,14,30
Herma Morgan,3.45,2,95,13,57,2,54,14,71,24,16,92,52,70,86,47,72,100,60,59,69,89,98,56,23,94,38,17,97,96,9,30,83,62,40,34,39,84,29,73,87,50,53,65,11,35,64,46,48,88,22,93,18,58,74,76,31,85,78,32,41,19,37,67,28,45,61,55,6,26,15,51,27,81,44,1,49,77,10,75,91,5,90,68,79,66,7,25,82,33,21,12,36,43,42,4,80,63,20,8,3,99
Magwina Mortem,1.56,5,61,64,16,42,48,41,50,62,72,15,70,17,55,35,52,47,71,12,38,37,27,94,18,31,68,21,86,96,23,74,20,78,98,13,22,29,33,99,53,1,79,88,91,11,90,69,45,76,89,92,97,77,25,36,6,39,46,73,28,58,34,5,93,75,66,40,3,10,51,60,95,9,87,67,32,4,100,24,82,49,54,26,8,83,43,59,56,85,7,2,30,84,19,65,44,57,80,14,63,81
Qutie Whisper,3.29,4,91,48,99,20,70,15,4,22,98,69,35,79,58,100,57,77,80,36,85,8,87,78,17,94,3,65,93,6,33,32,29,25,27,21,14,13,60,83,59,81,71,37,31,5,92,63,10,23,67,76,52,54,84,30,68,49,19,44,96,86,12,9,16,43,61,18,95,46,1,39,51,97,75,28,62,55,56,11,50,47,42,41,73,74,38,64,66,7,45,88,26,34,89,82,2,90,24,72,53,40
Leona Denholm,0.62,1,99,15,63,53,21,85,13,75,77,31,8,84,50,76,48,17,20,88,36,96,87,35,64,10,93,62,59,51,98,26,92,5,57,1,18,4,60,78,47,37,19,27,58,65,100,67,29,73,43,81,79,80,7,86,49,39,41,69,2,97,12,33,54,89,83,14,30,42,94,55,25,24,91,71,16,28,32,6,52,72,95,40,68,9,61,46,56,23,11,44,34,45,70,74,90,66,82,3,22,38
Severina Depraysie,2.44,4,35,79,78,19,32,12,39,25,98,15,87,71,16,72,56,21,41,91,82,80,99,5,23,9,85,93,84,38,61,55,49,6,14,24,34,96,8,28,90,29,17,63,43,36,22,44,74,54,7,81,88,64,92,67,52,59,76,48,1,83,18,27,51,75,62,57,26,47,30,33,73,40,11,50,53,97,58,46,100,60,2,45,86,10,66,42,31,70,4,3,37,77,69,65,13,68,89,95,20,94
Morrow Creighton,0.50,5,64,69,26,95,29,75,40,23,16,63,37,91,8,92,73,76,9,12,42,17,25,7,43,59,88,41,98,31,35,71,4,62,67,52,22,46,85,99,57,6,68,21,24,56,28,27,60,47,54,38,44,48,90,82,79,86,19,80,72,18,30,66,2,65,32,55,97,100,87,1,5,94,11,93,78,3,14,96,53,77,39,81,36,61,74,84,89,70,34,33,15,20,49,50,10,58,13,83,51,45
Adam Delarosa,0.99,1,11,99,33,24,84,32,48,45,30,95,23,96,81,12,2,26,98,63,97,92,57,71,3,40,16,70,10,15,9,27,74,5,55,13,50,75,39,89,28,87,62,67,100,21,38,37,56,52,72,22,41,53,76,34,68,49,19,88,14,64,91,46,47,58,6,7,4,1,35,18,65,94,93,69,54,59,78,31,79,82,77,29,85,36,90,66,8,17,20,61,73,51,42,80,43,44,60,86,25,83
Adrienne Tempest,3.11,2,15,96,12,60,70,52,40,84,22,42,19,94,81,13,80,37,93,2,97,50,21,24,17,35,16,55,51,75,56,27,62,59,53,46,29,69,67,34,25,31,61,91,45,49,85,39,57,89,7,44,3,68,43,33,95,92,65,76,4,90,41,63,88,66,87,6,98,86,54,18,38,78,64,14,77,11,82,36,100,32,9,48,72,28,79,1,99,83,30,5,26,10,8,74,23,73,71,20,58,47
Ethel Wood,2.85,1,10,73,65,43,87,66,22,37,70,69,81,35,74,58,9,68,88,12,44,92,93,50,8,16,34,56,82,54,4,5,49,99,61,28,38,90,98,71,1,51,53,95,13,63,94,55,59,20,36,67,17,91,42,2,31,18,64,47,78,46,27,48,21,3,24,60,39,40,52,80,84,100,45,11,15,96,62,57,7,85,14,32,86,79,75,41,6,29,89,97,77,25,30,83,76,26,19,23,72,33
Zindo Crowe,2.73,2,80,81,17,33,47,23,32,5,75,76,19,11,92,12,36,27,79,96,82,16,25,13,37,95,35,44,38,61,68,22,43,41,7,97,15,88,89,56,69,51,18,48,1,9,59,10,73,31,83,58,60,87,98,93,40,14,70,28,66,39,72,34,20,65,71,84,2,100,99,64,63,29,86,46,90,24,42,45,26,55,53,49,78,21,77,91,67,3,62,50,8,85,57,6,74,30,52,4,54,94
Devdan Orlando,3.87,3,81,30,14,57,54,56,98,92,9,43,100,22,87,62,63,29,4,37,45,85,64,93,70,40,11,28,7,2,36,94,16,53,17,51,33,89,65,96,5,67,25,41,1,52,24,71,34,90,42,19,3,88,8,39,80,35,38,84,26,20,72,48,83,76,12,15,74,59,75,55,32,99,60,95,47,86,78,49,13,6,91,18,97,46,73,10,21,23,77,79,27,82,69,50,31,61,66,44,58,68
Nealuchi Wolf,4.00,0,97,17,58,62,47,91,98,46,29,45,2,11,80,13,39,93,10,37,42,20,69,63,48,52,41,64,26,61,68,87,9,6,59,73,43,92,55,67,21,49,77,16,78,28,50,40,94,65,19,74,71,76,44,66,14,4,56,15,18,27,31,88,36,81,35,7,33,30,100,89,79,38,53,90,3,95,8,12,32,75,1,82,96,25,83,51,24,22,23,5,85,72,70,57,54,34,99,86,60,84
Gabriel Zul,2.80,1,98,19,60,25,97,83,9,1,65,6,20,56,36,95,46,96,51,17,74,14,62,35,45,22,47,68,10,59,91,70,21,32,100,8,5,24,88,73,61,23,63,42,4,37,81,49,99,90,11,84,75,50,86,34,76,44,52,40,66,48,18,43,38,94,82,72,12,33,64,69,78,89,85,29,55,13,31,87,67,57,39,41,80,7,58,2,71,93,79,28,26,77,16,54,92,53,30,27,15,3
Morren Steros,2.07,1,73,81,60,42,79,59,12,17,51,9,97,28,46,18,25,69,52,41,1,15,92,45,13,14,82,39,76,87,23,6,43,11,74,89,88,56,40,80,95,94,3,26,77,98,72,47,5,21,53,36,20,54,78,91,19,24,100,64,22,58,55,7,8,50,62,85,34,90,27,49,68,61,32,37,99,38,2,16,65,96,71,63,67,93,75,84,10,30,66,86,48,33,57,31,70,83,44,29,4,35
Luke Killian,2.31,5,89,70,58,67,6,44,37,20,78,28,26,29,50,55,38,69,23,17,8,24,47,68,53,98,2,84,30,99,48,21,74,64,36,34,85,83,7,3,42,46,97,11,56,51,76,1,71,35,75,14,88,61,5,100,80,90,73,18,63,72,79,93,82,60,65,19,27,95,87,22,45,66,94,92,12,81,59,96,9,62,49,16,31,54,4,43,52,41,33,13,15,39,25,86,91,10,40,32,77,57
Richard Skinner,0.73,4,24,22,71,50,76,36,57,85,9,23,98,12,67,92,90,30,42,94,84,31,87,55,37,51,28,99,39,33,1,83,86,63,2,88,69,48,38,97,91,68,82,18,60,62,44,3,53,13,17,77,79,81,49,43,34,52,47,73,19,32,61,25,41,70,16,75,93,59,27,7,40,45,14,21,64,58,5,89,29,26,35,100,65,8,78,74,15,56,6,4,20,10,72,11,54,46,80,96,66,95
Emilia Christian,3.85,0,59,16,32,23,18,15,11,1,39,69,86,93,12,80,8,21,91,2,37,29,62,17,96,3,34,67,72,92,58,100,45,35,50,36,85,40,90,83,47,9,4,49,41,43,19,31,61,82,13,51,97,94,53,55,28,87,65,77,76,30,98,60,33,56,74,70,99,88,5,26,95,68,81,52,66,20,42,54,79,44,24,7,22,10,73,57,38,27,14,64,84,78,89,46,71,63,48,6,25,75
Lyndis Mallor,3.29,5,92,22,17,66,54,41,96,20,37,32,53,52,3,42,89,86,76,58,75,55,67,24,57,50,15,97,74,2,51,85,10,30,34,8,88,27,56,35,62,63,91,47,100,36,94,73,16,23,79,18,12,1,81,83,39,60,33,90,31,26,61,48,6,9,44,65,69,11,80,5,70,72,25,7,19,29,99,68,28,82,14,49,40,77,21,87,95,43,38,84,13,59,98,4,45,46,93,64,78,71
Wish Fang,4.00,5,22,100,34,91,78,24,3,2,64,67,25,43,17,52,81,23,51,75,63,96,42,21,61,41,15,37,14,50,76,82,86,10,38,88,73,35,94,45,57,85,98,7,87,6,74,83,66,19,90,47,80,59,95,1,18,58,84,4,12,69,79,20,62,55,40,99,48,5,33,97,39,44,16,46,31,89,29,65,72,8,70,32,28,93,49,54,36,13,92,30,26,56,53,11,71,60,27,9,77,68
Marth Caligari,3.33,5,55,8,73,27,94,92,70,30,52,29,76,96,93,64,89,83,12,50,16,25,51,45,88,18,20,9,40,57,58,66,56,75,14,38,72,99,2,95,10,5,100,54,60,26,31,7,65,47,98,53,3,15,23,71,69,4,80,63,81,77,33,79,43,22,62,44,21,90,35,24,42,49,37,48,74,84,85,39,32,86,17,46,78,19,97,59,13,68,91,67,1,34,87,36,41,82,11,28,61,6
Victor Cloven,2.66,0,60,27,92,51,82,62,89,46,30,45,36,56,96,91,50,57,66,58,54,100,6,72,35,21,80,31,94,59,53,39,55,16,69,43,86,78,10,63,77,17,22,20,44,95,75,13,52,98,5,61,68,67,71,29,18,28,15,14,73,47,99,76,26,2,90,38,1,41,84,19,40,34,65,4,79,87,12,70,33,93,74,42,83,3,81,48,25,97,7,23,11,88,85,9,37,8,64,49,24,32
Ayda Mallor,1.88,0,97,65,93,71,21,75,38,67,78,50,1,47,69,56,96,23,27,43,72,76,35,95,28,15,6,46,64,18,70,17,24,44,99,79,5,14,12,36,53,84,45,29,42,49,31,7,16,52,40,62,91,54,90,77,37,39,61,8,57,10,25,85,100,32,98,55,66,2,19,22,58,26,89,51,73,60,11,13,9,74,80,48,86,63,92,83,88,81,59,4,3,30,33,68,82,20,87,94,41,34
Scias Grimm,1.91,2,83,74,68,5,49,94,22,20,35,14,89,25,54,23,4,59,66,13,92,58,53,57,11,56,45,24,32,9,37,18,63,41,30,39,100,10,60,99,48,42,88,31,61,51,73,96,28,80,43,3,98,79,71,69,91,15,82,84,47,44,33,26,72,38,65,2,67,40,52,16,36,50,17,70,75,78,21,12,87,64,19,1,90,6,55,34,27,81,76,46,7,95,77,8,86,97,93,85,62,29
Devdan Aimes,3.14,1,67,87,43,86,28,54,65,6,29,12,27,93,80,58,18,48,17,69,52,53,71,83,61,75,4,78,64,100,42,8,81,77,94,51,11,39,24,23,82,14,5,73,70,21,46,84,90,62,35,25,19,74,7,91,41,88,22,3,31,50,92,10,34,95,76,99,49,96,57,68,97,66,45,20,47,30,33,59,60,1,13,56,15,16,44,37,2,26,89,36,40,98,38,55,72,63,9,85,79,32
Marcia Mortem,3.89,5,55,78,60,16,96,30,1,36,4,61,100,31,57,63,70,91,88,12,6,15,84,26,7,44,66,86,56,92,71,77,68,73,39,45,74,75,83,48,97,52,28,24,13,25,22,8,18,20,43,9,54,59,67,85,10,19,2,58,89,11,34,37,42,79,35,98,23,5,47,32,95,53,65,76,64,87,17,82,49,41,99,40,33,38,90,81,62,94,46,50,72,93,21,51,69,14,29,3,80,27
Davon Woods,1.61,3,7,98,19,31,89,46,32,23,65,81,69,84,21,88,87,53,66,64,72,9,28,55,83,40,99,77,12,43,75,60,59,44,26,27,90,57,20,96,11,67,92,18,82,93,74,97,95,48,36,45,61,2,54,34,4,70,16,41,94,76,63,24,78,37,73,35,71,52,50,25,62,79,5,49,100,3,6,15,10,38,86,80,39,1,85,22,58,91,51,47,13,42,33,56,29,17,14,68,30,8
Nadir Lobo,2.26,4,70,82,13,8,6,90,29,40,60,72,64,16,81,68,62,61,46,28,1,89,91,52,34,87,78,41,35,42,22,71,23,74,47,44,7,2,50,12,79,10,80,49,24,5,93,53,20,25,45,48,27,17,54,75,96,11,97,33,98,36,58,26,39,63,86,31,38,59,69,84,65,18,95,56,88,32,3,83,51,76,43,100,9,37,85,30,92,94,66,77,14,4,15,99,67,19,21,55,73,57
Upir Helion,2.00,4,58,7,16,59,8,40,9,37,2,39,60,17,54,75,81,1,91,53,68,42,86,25,62,61,4,14,13,33,56,31,34,20,55,80,71,36,82,90,64,73,85,50,49,23,27,15,24,11,26,22,99,96,18,94,21,78,38,41,97,63,70,88,98,19,100,57,10,95,92,32,52,87,46,29,77,44,89,28,65,5,69,43,6,84,51,76,66,30,79,93,83,72,67,35,45,48,3,47,74,12
Trik Woods,3.48,3,12,11,38,79,85,8,3,18,78,91,48,59,94,30,49,96,31,93,46,14,40,67,13,50,97,70,27,4,98,81,73,84,39,88,10,62,41,15,54,34,9,43,76,36,33,90,6,75,58,23,51,17,35,77,82,63,7,68,19,61,95,44,89,1,92,64,56,22,29,55,52,42,21,80,57,72,24,66,37,2,47,99,16,5,86,53,60,28,65,100,71,20,45,32,74,69,83,26,25,87
Umona Ripper,1.73,3,34,15,98,2,49,48,25,61,51,80,99,16,64,53,17,73,76,91,41,32,13,19,85,87,59,95,18,81,3,94,27,14,1,83,100,24,36,44,92,5,11,29,12,71,78,74,68,33,28,55,23,84,90,57,96,42,62,6,82,86,8,70,38,69,39,75,40,37,30,63,72,31,47,52,89,65,35,93,58,56,10,50,46,26,20,9,79,97,7,22,60,77,21,67,43,88,45,66,54,4
Carmine Von Stein,3.39,0,97,46,38,92,81,65,96,64,98,30,62,45,43,91,11,5,6,87,29,2,7,1,24,17,19,13,54,58,20,85,12,15,33,3,75,32,48,84,95,59,60,10,74,99,16,55,27,89,41,34,71,76,63,66,26,42,69,94,77,4,14,49,28,68,23,80,18,52,93,31,25,56,78,53,67,37,51,40,73,47,90,57,36,21,72,50,83,8,9,79,88,61,70,22,35,39,100,44,86,82
Jocelyn Craft,2.74,2,26,51,30,56,40,27,81,97,72,84,57,43,10,71,99,42,11,47,29,48,45,38,73,35,67,100,22,44,77,46,79,37,88,36,58,85,19,31,75,61,78,32,92,54,76,8,50,69,74,64,16,83,1,68,59,41,6,13,25,5,60,80,21,53,70,55,18,90,17,98,66,12,52,86,91,89,96,93,39,63,95,94,87,4,82,9,62,34,33,24,23,15,49,28,7,20,65,2,14,3
Belinda Nox,3.62,1,6,92,18,53,88,64,69,97,99,30,36,79,72,3,84,52,80,27,59,70,42,96,17,39,47,65,75,94,90,37,60,23,93,73,98,57,5,100,29,85,43,50,28,91,63,24,40,21,68,41,10,45,11,55,12,1,19,56,4,81,32,38,61,76,71,13,2,87,16,46,82,44,89,83,34,78,7,86,33,15,95,74,62,26,77,67,49,14,66,31,25,8,51,9,58,54,35,22,20,48
Opal Bloodgood,4.00,2,48,15,72,24,32,34,41,60,11,65,61,83,28,13,44,58,84,53,46,50,73,89,69,79,92,18,6,64,59,5,85,100,17,86,56,4,19,82,67,40,33,3,47,29,78,14,70,75,10,97,30,93,26,51,42,63,91,88,12,25,20,8,54,38,16,99,36,27,7,9,2,94,23,43,98,95,57,55,39,66,76,68,45,87,96,35,31,90,71,81,80,74,52,22,49,21,62,1,37,77
Iona Umbra,3.00,4,97,87,79,94,24,56,29,20,64,38,48,6,17,41,75,3,95,4,21,49,54,53,30,27,43,44,42,70,86,26,93,9,83,57,58,28,18,77,32,85,84,98,45,11,16,39,91,65,7,61,31,76,37,66,78,55,62,88,81,51,73,22,1,89,14,90,19,13,99,47,50,92,74,67,5,35,68,100,63,40,59,69,52,2,10,96,8,34,80,82,72,36,46,25,23,60,71,33,15,12
Adaranth Bloodgood,3.62,1,98,94,93,55,51,7,34,13,26,91,65,2,27,29,84,40,89,37,64,70,53,77,46,67,33,30,48,38,3,96,60,52,80,49,10,23,68,17,83,56,57,8,50,97,14,90,82,5,75,20,41,92,62,74,81,59,47,42,35,86,73,21,78,9,100,43,11,99,61,71,54,6,32,15,31,88,28,69,85,1,18,79,66,45,22,4,63,95,72,12,39,25,36,44,16,76,87,24,19,58
Viscardi Digby,3.04,2,98,95,38,14,11,91,90,44,28,24,49,45,84,82,78,10,59,68,72,97,35,41,83,79,30,47,66,88,80,4,81,22,76,27,87,74,15,19,26,9,46,6,52,37,89,23,7,39,58,18,67,34,70,40,20,64,13,61,33,36,73,31,69,63,94,29,1,96,17,86,55,62,85,65,48,25,71,75,12,77,8,56,42,3,99,57,51,92,50,5,2,21,32,43,93,54,16,60,100,53
Loren Crane,2.88,0,97,14,94,13,18,1,77,7,41,31,23,9,90,66,91,44,55,83,11,27,4,29,79,25,72,17,45,8,60,100,10,51,85,73,39,12,33,15,93,84,50,78,63,16,57,46,87,36,75,43,47,21,54,82,20,62,70,69,53,81,34,56,28,88,61,6,95,71,64,37,68,48,40,67,76,65,92,42,49,86,19,58,32,24,74,3,80,2,89,26,99,52,59,30,22,5,38,96,98,35
Satin Vexx,4.00,1,96,95,46,38,15,59,39,99,72,55,71,31,7,54,40,34,86,26,2,73,68,8,23,56,88,30,19,3,10,11,75,81,87,77,29,25,37,5,64,21,20,70,47,48,42,82,67,22,83,85,52,94,62,57,97,14,50,51,16,1,32,80,91,13,43,36,18,44,63,92,12,93,49,79,6,100,89,84,28,53,4,41,61,74,9,35,24,98,90,60,65,17,45,66,27,78,76,58,33,69
Kieran Cane,3.23,5,43,62,16,76,86,97,64,15,29,31,58,8,88,65,46,9,51,42,25,40,79,19,4,99,52,50,55,22,30,75,21,37,11,48,38,73,5,100,68,14,70,23,67,41,49,87,89,90,56,93,24,82,60,26,39,20,44,71,92,61,28,35,78,74,59,13,83,96,3,32,47,45,27,91,34,84,57,72,81,98,77,7,36,18,10,85,1,12,6,2,63,69,54,53,17,66,95,80,94,33
Drace Serphent,4.00,0,64,39,8,55,40,62,52,84,56,69,100,20,10,97,65,12,46,73,50,6,13,76,18,66,72,78,77,36,17,87,61,25,68,2,42,19,24,95,99,32,63,28,75,71,48,92,35,15,16,82,67,57,5,45,47,22,43,94,29,83,33,49,98,79,54,38,7,14,26,80,23,96,3,34,53,11,9,37,89,4,91,93,85,74,21,27,86,88,60,1,51,31,90,41,59,81,70,44,58,30
Chrom Diablos,2.70,0,90,85,93,48,82,52,7,16,29,20,78,2,32,23,100,62,3,97,42,35,72,92,18,75,22,56,80,36,53,89,43,41,64,73,38,67,88,61,24,76,9,69,51,83,79,58,17,86,57,33,11,91,15,14,1,54,98,66,34,59,10,12,6,81,39,50,96,45,74,4,25,95,30,8,27,63,40,65,19,31,49,84,70,68,99,94,71,5,37,55,13,87,44,21,28,60,77,47,26,46
Dementia Manglyeong,2.59,1,33,46,86,57,98,6,80,64,52,90,30,84,5,95,38,17,3,100,85,81,69,71,78,93,37,97,31,75,61,66,72,1,21,35,2,40,18,76,89,88,16,25,67,79,99,63,50,47,39,10,19,58,43,7,91,73,27,56,29,44,45,60,14,8,41,24,49,77,53,70,94,9,48,62,36,26,82,59,4,13,20,54,96,42,51,83,92,28,23,11,12,22,65,34,15,55,87,74,32,68
Tristan Cane,3.70,0,79,51,40,83,28,60,61,8,71,23,76,38,19,96,84,91,100,77,37,16,93,62,45,87,31,6,98,86,42,35,78,56,59,47,49,13,29,36,90,80,2,3,97,43,9,81,22,50,32,52,30,12,20,73,14,53,25,82,89,85,54,18,41,92,94,88,65,10,34,44,95,69,7,74,75,55,58,17,48,39,24,66,27,11,63,26,1,46,64,4,99,72,15,21,5,70,67,57,68,33
Belle Kane,1.09,2,84,51,63,49,34,61,79,25,6,83,86,50,18,21,69,43,57,54,77,47,55,26,40,70,85,91,5,23,52,4,8,46,38,53,16,93,36,44,76,12,95,14,98,66,3,45,11,30,24,28,19,96,89,29,75,20,87,62,92,64,9,48,42,82,15,10,41,73,60,7,100,37,71,68,78,2,1,56,97,72,67,13,80,33,31,59,58,32,94,39,74,90,22,88,99,35,65,17,27,81
Lirit Grim,4.00,2,31,74,46,98,39,100,69,51,17,77,27,49,95,87,34,15,73,54,19,56,83,14,42,85,4,99,3,35,55,38,78,20,97,60,13,70,28,32,68,67,33,11,75,57,47,25,18,59,86,65,76,26,45,29,66,58,88,82,91,23,89,12,96,8,5,72,64,2,41,62,44,22,30,53,36,6,63,21,80,94,7,40,71,37,81,9,48,93,50,90,43,24,1,52,61,10,84,92,79,16
Klark Hallewell,4.00,5,40,61,85,47,34,30,15,19,57,86,2,99,50,7,65,52,72,82,33,100,55,13,94,1,70,79,48,58,96,27,17,51,25,62,76,36,89,11,69,80,71,60,64,5,68,12,73,38,49,16,81,67,21,59,39,41,88,4,56,6,45,66,43,90,3,93,35,53,24,26,83,91,31,74,97,92,44,54,63,32,22,9,77,78,95,10,29,23,28,98,46,42,84,18,87,8,20,14,37,75
Belinda Hallewell,1.48,5,44,40,10,64,95,72,98,18,79,22,27,26,56,85,8,77,20,39,54,70,81,76,71,73,5,50,82,1,47,2,62,28,17,100,93,87,6,14,60,19,16,49,48,92,67,86,45,88,41,13,7,63,96,83,23,99,65,69,21,32,51,15,89,61,36,66,11,38,30,97,25,90,42,34,74,94,43,3,4,68,57,55,58,91,9,37,75,84,31,78,29,35,24,52,80,59,12,33,53,46
Hogan Caligari,3.77,0,17,99,13,41,74,7,29,2,81,56,70,26,62,58,16,35,27,43,57,4,84,37,61,82,52,38,93,75,97,44,98,19,1,88,31,8,49,15,33,23,94,21,65,63,55,30,6,3,85,73,51,59,92,32,20,36,86,12,100,18,87,83,80,45,53,47,48,64,10,90,95,79,5,40,91,67,96,24,54,22,42,28,39,34,68,66,60,46,14,77,50,76,69,9,11,78,89,71,25,72
Vayne Murik,3.38,1,11,21,9,2,23,66,71,89,52,32,91,24,54,49,38,75,95,82,58,7,33,26,35,88,10,25,67,86,1,80,16,62,87,42,4,46,94,6,44,81,76,69,13,90,18,77,57,20,53,65,96,99,92,39,47,61,50,74,31,37,14,97,68,28,5,48,19,8,85,30,12,36,64,27,45,15,63,51,34,84,73,55,59,79,29,17,100,22,78,41,93,98,56,60,72,83,40,43,3,70
Maggard Shadowsoul,3.53,2,75,3,44,42,21,94,40,60,99,55,32,86,80,65,30,29,50,84,64,5,12,28,15,41,52,90,76,7,51,35,2,93,34,45,38,96,37,18,16,39,59,43,13,71,98,62,49,100,73,61,10,63,95,77,14,27,81,48,70,88,31,8,36,82,17,58,78,85,53,20,57,91,47,74,19,23,68,25,79,33,22,6,4,72,46,1,56,97,26,92,24,66,89,9,69,67,11,83,87,54
Belle Argent,1.62,3,76,68,65,80,5,86,14,85,58,57,71,96,45,94,18,87,67,55,72,20,25,98,82,53,4,90,2,24,70,83,28,44,31,79,37,32,51,1,47,36,15,7,74,21,13,88,92,54,8,48,22,35,40,95,43,26,77,3,34,6,100,59,62,69,9,91,27,63,11,99,46,19,41,66,39,30,29,56,93,60,23,38,73,97,42,61,49,12,89,84,52,75,81,64,78,33,10,16,50,17
Forrest Diablos,3.09,5,40,50,44,91,13,37,65,83,71,86,58,4,92,68,25,98,36,96,85,34,15,42,93,1,49,60,69,32,9,39,78,14,80,74,27,43,45,41,90,75,54,3,48,19,84,16,35,28,97,33,2,57,8,55,31,77,23,6,99,18,81,26,56,24,73,100,79,29,94,95,22,5,63,67,46,70,89,61,17,11,66,59,76,20,51,7,64,72,53,30,62,82,88,87,47,12,52,38,21,10
Firion Devonshire,2.42,1,54,41,36,17,13,6,62,27,25,26,31,48,95,58,37,91,19,46,38,69,5,60,61,53,34,78,18,89,22,90,97,24,16,7,44,21,86,63,57,71,74,77,8,82,40,47,79,80,84,81,45,88,3,1,49,29,85,10,33,20,72,65,99,30,98,100,94,32,39,93,2,9,14,68,23,42,56,67,35,92,73,59,83,4,87,51,11,52,15,64,12,50,76,28,96,43,70,55,75,66
Thunder Grail,2.09,3,70,48,95,42,62,9,7,15,5,80,26,88,78,54,83,49,25,94,38,77,87,21,6,28,12,39,66,31,35,61,43,98,75,96,45,84,20,91,97,24,93,3,14,27,65,64,32,71,59,56,1,89,63,68,18,40,53,82,74,99,100,19,13,16,44,55,41,90,57,86,69,23,50,10,17,60,30,8,36,85,73,47,2,11,33,81,4,46,37,67,79,51,76,92,52,72,34,58,29,22
Autumn Von Stein,1.69,3,71,18,27,39,58,60,87,73,32,26,31,25,51,2,12,47,88,37,24,64,21,49,4,77,86,66,17,62,45,1,61,85,7,59,33,55,79,13,69,72,78,89,52,97,19,14,70,99,82,53,76,94,81,34,22,42,15,40,74,44,16,6,10,54,98,84,9,41,65,38,83,3,67,28,20,46,5,75,23,90,92,96,48,43,93,91,80,36,95,63,57,68,29,35,30,100,56,8,50,11
Lynk Quinn,2.64,2,14,74,66,37,47,94,26,68,60,43,79,35,81,91,22,65,39,15,9,49,24,16,13,96,33,18,28,87,86,4,46,70,34,31,98,83,12,11,82,42,71,19,2,57,73,72,25,56,8,88,41,58,38,90,92,61,95,44,97,80,30,53,54,7,63,3,69,5,89,20,78,76,64,36,1,50,85,99,67,23,17,52,21,48,93,10,51,75,62,45,27,40,29,55,84,77,6,59,100,32
Demien Graeme,3.78,3,87,54,8,19,72,85,92,36,99,33,46,71,28,69,5,95,32,40,96,13,75,51,26,39,74,35,73,84,77,34,27,15,86,98,49,76,1,66,43,80,30,41,65,14,97,94,44,12,62,52,18,17,9,48,29,79,21,3,7,81,16,91,37,20,4,22,90,59,68,58,31,63,23,24,2,11,38,83,88,50,70,25,6,93,78,10,57,82,100,45,56,42,53,89,55,61,67,64,47,60
Dhampir Whisper,2.22,0,55,1,10,81,35,77,73,18,39,7,78,61,70,53,23,14,43,46,87,72,38,100,65,93,82,19,67,86,34,90,74,32,50,91,44,22,6,28,31,97,57,41,30,96,24,71,11,68,99,79,69,89,45,33,59,60,85,64,4,8,95,75,27,9,80,76,94,83,13,54,40,12,51,17,2,29,26,47,42,58,20,15,37,49,3,5,56,84,48,92,62,21,88,52,25,63,66,36,98,16
Harlot Church,2.34,3,83,91,6,72,51,12,30,33,34,56,40,82,87,99,36,14,9,3,26,69,21,74,7,60,11,75,80,10,63,97,70,18,39,5,37,47,20,88,32,79,1,90,96,81,76,92,95,2,68,44,67,19,59,86,50,58,77,100,22,41,66,42,25,27,61,62,4,45,84,94,52,8,64,89,73,54,48,15,93,78,57,29,46,13,53,23,85,17,65,31,71,98,38,43,35,28,49,24,55,16
Grail Maleficum,0.83,0,53,10,41,26,48,100,5,97,79,96,15,90,60,68,23,62,83,6,21,67,34,73,63,42,78,2,39,4,1,8,7,87,32,25,65,30,17,13,57,16,3,99,27,58,77,18,33,51,84,59,66,86,29,52,11,12,22,37,92,95,38,80,47,72,70,88,9,55,24,74,75,56,50,94,91,54,49,64,45,28,85,36,81,20,46,31,14,82,35,69,93,19,44,71,43,61,98,76,89,40
Leona Victor,1.94,0,56,21,97,24,51,90,84,58,78,64,52,37,82,55,10,31,38,61,75,88,50,68,22,4,53,29,98,89,83,81,42,63,70,100,13,33,26,77,20,36,14,3,47,45,46,5,96,30,27,73,18,99,87,6,80,62,25,35,49,2,1,11,86,72,94,92,95,79,71,28,32,41,9,65,74,67,12,93,91,15,76,40,44,19,60,59,85,66,34,69,54,8,7,43,16,48,23,39,17,57
Carmilla Maleficum,3.56,0,34,62,82,9,36,18,87,26,90,55,96,66,14,3,84,73,23,98,60,93,67,43,85,54,25,64,70,63,78,40,91,76,92,59,100,42,21,48,50,22,11,77,35,17,8,33,51,30,41,61,65,69,24,72,45,97,19,95,13,15,27,49,20,88,29,47,38,68,7,2,57,16,71,10,39,5,75,74,89,56,46,81,44,79,31,83,99,1,53,86,58,28,52,94,37,12,32,4,6,80
Zayne Calarook,4.00,5,7,22,11,74,5,45,17,2,97,12,47,19,66,63,10,65,56,90,85,64,15,100,26,43,87,39,52,48,62,93,31,40,83,76,68,86,4,55,18,14,54,8,46,38,24,58,59,78,44,20,72,69,80,32,57,16,28,27,53,35,98,50,94,6,88,75,37,9,21,82,92,95,61,36,41,30,25,42,60,13,73,23,91,34,70,89,96,79,3,81,67,29,77,84,1,33,51,71,49,99
Zegrath Killoran,2.29,4,96,8,10,6,81,17,62,90,25,55,58,76,7,28,67,94,59,44,57,69,22,12,16,86,42,38,63,47,11,40,71,80,68,89,24,100,72,54,53,52,83,61,30,31,46,1,92,79,37,56,48,84,85,4,64,49,18,14,45,77,9,87,50,93,88,3,2,65,43,82,97,41,21,15,73,74,13,51,29,99,98,70,35,75,19,5,23,26,20,34,27,91,39,95,60,78,32,33,36,66
Mortas Shadowsoul,2.83,3,93,81,20,21,4,18,5,91,66,96,9,55,58,60,37,27,82,7,26,23,15,40,17,12,11,8,67,42,95,10,71,44,86,3,35,36,47,39,78,19,46,45,75,65,30,83,25,63,62,85,34,88,54,76,68,90,100,64,74,51,50,80,14,29,43,52,61,69,73,70,56,94,32,59,49,6,28,79,84,41,31,1,99,24,87,48,13,22,2,77,16,38,89,33,57,53,97,72,98,92
Crowley Latimer,2.26,3,14,91,19,17,86,59,84,1,36,92,68,40,32,6,47,75,83,88,4,51,7,74,56,58,30,62,11,93,70,18,45,50,33,46,81,20,12,48,24,5,3,73,22,57,85,28,80,21,13,69,41,37,78,67,16,27,89,76,72,39,66,64,52,34,99,9,71,2,42,53,31,96,94,8,43,65,49,90,100,54,77,61,95,87,97,79,60,38,26,15,10,55,25,98,63,23,44,29,82,35
Alder Trevil,2.35,0,38,58,8,32,60,79,78,69,36,49,86,3,35,9,76,61,24,96,68,23,93,39,56,27,10,73,19,52,98,21,4,28,55,48,33,37,80,84,20,97,34,74,85,89,83,47,57,94,18,25,82,75,40,6,59,11,13,88,63,16,22,41,43,72,77,64,87,29,100,70,46,1,99,7,26,62,15,31,30,17,14,51,67,65,12,90,42,50,81,2,5,44,45,54,91,66,95,53,92,71
Floris Heliot,4.00,4,62,2,80,69,39,24,54,49,92,75,76,64,77,5,66,18,48,40,6,61,38,22,37,23,14,28,41,93,46,65,85,25,73,9,4,52,26,88,3,72,98,100,45,1,56,36,94,16,74,33,82,34,96,13,89,59,63,8,84,20,32,44,57,79,55,60,97,53,10,19,67,11,91,30,29,47,86,71,68,50,87,70,81,58,31,51,78,83,15,12,42,90,7,21,43,17,27,35,95,99
Scias Grim,3.39,1,1,96,42,45,58,9,35,19,95,52,20,89,14,34,54,40,33,65,44,23,75,10,31,12,68,15,61,84,56,90,7,4,48,22,21,97,8,25,70,50,11,99,87,2,38,41,46,17,53,93,86,72,69,13,51,60,71,29,26,16,85,81,83,64,55,88,49,36,30,98,37,67,5,91,74,24,32,80,6,62,94,92,66,63,57,59,78,18,76,47,3,79,28,77,100,82,73,27,43,39
Gattas Zorander,3.00,1,9,76,72,84,23,25,27,19,34,66,61,35,10,59,29,80,93,82,89,30,56,47,28,91,26,31,71,54,22,70,15,75,83,94,33,2,69,81,65,7,18,40,60,42,38,90,49,11,88,87,43,45,55,67,13,41,77,95,52,6,99,74,36,24,100,32,39,97,62,4,78,96,57,63,17,5,51,53,21,68,44,98,48,64,58,16,12,3,92,20,86,79,46,37,1,50,85,8,73,14
Ashen Everbleed,3.90,2,20,76,46,82,93,37,18,9,16,68,7,97,92,81,19,38,79,51,17,71,96,85,91,49,67,56,83,95,24,94,54,23,32,26,33,22,30,52,75,80,39,1,87,74,70,25,21,40,59,10,98,84,4,12,34,43,44,57,35,99,50,15,78,58,31,48,8,66,65,86,89,53,14,13,3,100,63,62,11,29,2,60,90,61,64,69,73,47,42,6,77,28,41,72,88,45,36,55,5,27
Clarita Church,3.09,4,37,62,66,8,50,61,45,1,60,59,73,75,58,98,42,26,84,29,71,64,82,10,14,24,90,6,18,78,46,54,47,30,2,97,74,51,48,41,80,53,76,93,72,23,56,94,38,99,69,43,81,5,36,96,27,13,79,83,22,57,4,70,39,49,28,19,91,25,95,87,12,31,3,33,100,67,21,7,88,68,77,65,16,15,52,63,20,35,86,55,89,9,32,34,92,44,85,40,11,17
Grimina Stone,4.00,2,41,66,34,89,61,22,87,46,68,37,19,100,42,9,15,48,56,25,98,80,38,79,53,49,74,82,21,63,85,73,76,95,54,18,12,11,88,45,31,2,50,32,43,44,35,62,1,83,7,8,14,57,36,10,55,24,96,30,52,39,77,59,33,72,70,29,5,92,81,86,4,40,26,69,71,91,3,93,67,64,6,13,84,99,90,97,47,20,28,75,51,27,16,17,94,78,58,65,23,60
Karayan Dread,1.66,2,50,29,40,78,6,77,69,34,27,59,52,56,73,47,38,82,2,10,96,19,30,75,68,58,64,90,46,31,63,17,87,99,7,60,20,37,4,45,71,18,67,43,5,9,61,11,1,66,81,12,51,86,70,98,25,15,91,3,97,76,24,21,14,23,100,36,85,48,42,95,89,28,26,13,88,80,33,79,53,55,54,8,74,49,84,92,41,16,83,35,93,72,57,65,94,22,62,32,44,39
Weiss Morelli,3.65,2,49,40,70,41,13,34,84,47,39,19,4,65,32,96,23,90,8,25,73,17,82,6,22,12,95,53,60,63,66,36,58,31,18,80,46,21,33,81,99,29,56,87,16,75,27,88,3,69,10,26,5,86,55,59,2,74,68,94,48,64,91,37,83,1,42,11,77,20,24,98,44,92,76,85,28,97,61,67,89,43,57,52,50,14,93,72,9,71,51,45,30,79,35,62,78,38,7,15,54,100
